v3.0 hex words addressed
00: 081000000410 00018003c800 000000000000 000000000000 000000000000 000000000000 000000000000 000000000000
08: 000000000000 000000000000 000000000000 000000000000 000000000000 000000000000 000000000000 000000000000
10: 300000000306 881002803410 00058003c800 000000000000 000000000000 000000000000 000000000000 000000000000
18: 000000000000 000000000000 000000000000 000000000000 000000000000 000000000000 000000000000 000000000000
20: 081000000410 40018003c800 000000000000 000000000000 000000000000 000000000000 000000000000 000000000000
28: 000000000000 000000000000 000000000000 000000000000 000000000000 000000000000 000000000000 000000000000
30: 300000000306 881002803410 00058003c800 000000000000 000000000000 000000000000 000000000000 000000000000
38: 000000000000 000000000000 000000000000 000000000000 000000000000 000000000000 000000000000 000000000000
40: 000810008400 00000000c080 081000000410 00018003c800 000000000000 000000000000 000000000000 000000000000
48: 000000000000 000000000000 000000000000 000000000000 000000000000 000000000000 000000000000 000000000000
50: 381000000716 002000003300 00018003f809 000000000000 000000000000 000000000000 000000000000 000000000000
58: 000000000000 000000000000 000000000000 000000000000 000000000000 000000000000 000000000000 000000000000
60: 881000000710 002000003300 800183fff800 000000000000 000000000000 000000000000 000000000000 000000000000
68: 000000000000 000000000000 000000000000 000000000000 000000000000 000000000000 000000000000 000000000000
70: 389000000716 308002803306 308000303306 308001403306 0001800ff800 000000000000 000000000000 000000000000
78: 000000000000 000000000000 000000000000 000000000000 000000000000 000000000000 000000000000 000000000000
80: 00c800008400 00c000004480 00c000004480 00c000004480 00000000c080 081000000410 00018003c800 000000000000
88: 000000000000 000000000000 000000000000 000000000000 000000000000 000000000000 000000000000 000000000000
90: 00c040000000 00c040000000 08d040000410 00c1c003c800 000000000000 000000000000 000000000000 000000000000
98: 000000000000 000000000000 000000000000 000000000000 000000000000 000000000000 000000000000 000000000000
a0: 300000000306 881002803410 00058003c800 000000000000 000000000000 000000000000 000000000000 000000000000
a8: 000000000000 000000000000 000000000000 000000000000 000000000000 000000000000 000000000000 000000000000
b0: 300000000306 881002803410 00058003c800 000000000000 000000000000 000000000000 000000000000 000000000000
b8: 000000000000 000000000000 000000000000 000000000000 000000000000 000000000000 000000000000 000000000000
c0: 300000000306 881002803410 00058003c800 000000000000 000000000000 000000000000 000000000000 000000000000
c8: 000000000000 000000000000 000000000000 000000000000 000000000000 000000000000 000000000000 000000000000
d0: 300000000306 881002803410 00058003c800 000000000000 000000000000 000000000000 000000000000 000000000000
d8: 000000000000 000000000000 000000000000 000000000000 000000000000 000000000000 000000000000 000000000000
e0: 081000000410 00018003c800 000000000000 000000000000 000000000000 000000000000 000000000000 000000000000
e8: 000000000000 000000000000 000000000000 000000000000 000000000000 000000000000 000000000000 000000000000
f0: 020040028000 040000008440 083000004710 00018003f809 000000000000 000000000000 000000000000 000000000000
f8: 000000000000 000000000000 000000000000 000000000000 000000000000 000000000000 000000000000 000000000000
